6975.01 136 0 0
14527 46 57.8994 0
65727 46 63.6236 0
183871 50 63.3925 0
285119 53 62.6373 0
398783 135 51.9566 0
399935 135 51.9566 0
464191 53 60.6264 0
510911 50 61.8768 0
539071 50 63.673 0
726335 135 47.0288 0
727103 135 47.0288 0
728639 135 47.0288 0
731839 46 64.124 0
741439 46 65.3952 0
765375 46 66.69 0
776383 46 66.0706 0
825919 46 59.1928 0
826559 46 59.1928 0
827583 46 59.1928 0
914111 50 66.7202 0
925503 50 62.6505 0
926399 50 62.6505 0
1.0311e+06 134 57.1154 0
1.16435e+06 53 46.4913 0
1.20275e+06 53 63.9304 0
1.29184e+06 50 64.5338 0
1.31974e+06 50 59.0495 0
1.32077e+06 46 51.5007 0
1.3776e+06 46 65.0974 0
1.47322e+06 134 56.9219 0
1.57434e+06 46 48.296 0
1.67584e+06 50 52.2046 0
1.81818e+06 53 42.913 0
1.93581e+06 60 43.2123 0
2.02387e+06 53 59.6261 0
2.12038e+06 50 46.1248 0
2.29677e+06 135 44.5074 0
319.148 135 44.5074 0
5697.65 135 66.8045 0
7234.36 135 66.8045 0
8514.96 135 66.8045 0
8771.08 135 66.8045 0
131838 51 65.4433 0
133631 51 64.1773 0
135424 51 64.1773 0
319.148 51 63.159 0
5697.65 51 63.0035 0
7234.36 51 63.0035 0
8514.96 51 64.0716 0
8771.08 51 64.0716 0
191.089 51 70.9052 0
5697.65 51 64.9887 0
7234.36 51 64.9887 0
8514.96 51 65.3637 0
8771.08 51 65.3637 0
191.089 51 70.5962 0
5697.65 51 66.6105 0
7234.36 51 66.6105 0
8514.96 51 66.1765 0
8771.08 51 66.1765 0
5121.38 51 64.276 0
8194.81 51 60.4589 0
8835.1 51 60.4589 0
5697.65 51 65.5812 0
7234.36 50 66.8066 0
8514.96 50 66.8066 0
8771.08 50 66.8066 0
5121.38 49 63.6898 0
8194.81 49 63.6898 0
8835.1 49 63.4693 0
191.089 51 71.6807 0
5697.65 51 66.4175 0
7234.36 51 66.4175 0
8514.96 51 66.0224 0
8771.08 51 66.0224 0
5697.65 51 65.3962 0
7234.36 51 65.3962 0
8514.96 51 64.959 0
8771.08 51 64.959 0
131838 51 63.5698 0
133631 51 63.5698 0
135424 51 62.4877 0
511.238 51 64.6542 0
1919.89 51 64.6542 0
5121.38 51 65.3321 0
8194.81 50 67.0647 0
8835.1 50 67.0647 0
101167 51 70.9494 0
131774 51 62.9599 0
132543 51 62.9599 0
137728 54 63.0975 0
137728 54 63.0975 0
191.001 54 63.0975 0
6975.01 54 63.0975 0
14527 46 60.8337 0
65727 46 62.7655 0
183871 50 63.0744 0
285119 53 62.4618 0
398783 58 64.4137 0
399935 58 64.4137 0
464191 53 61.1793 0
510911 50 61.5859 0
539071 50 63.6715 0
726335 135 59.6707 0
727103 135 59.6707 0
728639 135 59.6707 0
731839 46 63.7469 0
741439 46 62.6046 0
765375 46 66.5992 0
776383 46 64.6553 0
825919 46 62.1736 0
826559 46 62.1736 0
827583 50 60.4498 0
914111 50 67.1525 0
925503 53 44.8819 0
926399 53 44.8819 0
1.0311e+06 53 58.5896 0
1.16435e+06 58 58.6861 0
1.20275e+06 53 65.6155 0
1.29184e+06 50 66.0432 0
1.31974e+06 136 47.9198 0
1.32077e+06 136 47.9198 0
1.3776e+06 46 66.4411 0
1.47322e+06 135 60.5753 0
1.57434e+06 46 50.9105 0
1.67584e+06 50 48.2568 0
1.81818e+06 53 44.5839 0
1.93581e+06 60 44.7606 0
2.02387e+06 53 53.7573 0
2.12038e+06 50 47.4989 0
6975.01 136 46.1716 0
14527 46 62.6874 0
65727 46 63.2725 0
183871 50 64.0628 0
285119 53 61.473 0
398783 58 64.3067 0
399935 58 64.0812 0
464191 53 60.5646 0
510911 50 62.0658 0
539071 50 64.3676 0
726335 136 64.5164 0
727103 136 64.5164 0
728639 46 58.9746 0
731839 46 64.0788 0
741439 46 64.0563 0
765375 46 66.7502 0
776383 46 64.3049 0
825919 46 55.9396 0
826559 46 55.9396 0
827583 46 55.9396 0
914111 50 66.4076 0
925503 50 57.5903 0
926399 50 57.5903 0
1.0311e+06 135 50.8447 0
1.16435e+06 58 51.8927 0
1.20275e+06 53 64.3566 0
1.29184e+06 50 64.7187 0
1.31974e+06 134 53.7208 0
1.32077e+06 134 53.7208 0
1.3776e+06 46 66.5338 0
1.47322e+06 135 58.7029 0
1.57434e+06 46 53.2002 0
1.67584e+06 50 50.1771 0
1.81818e+06 53 46.3114 0
1.93581e+06 60 65.0362 0
2.02387e+06 53 56.4412 0
2.12038e+06 50 50.7611 0
7039.01 135 0 0
32767 46 58.5448 0
65663 46 63.5841 0
88063 46 63.2971 0
91647 58 63.955 0
183807 50 63.4795 0
285183 53 62.6471 0
398719 135 64.0297 0
464127 53 61.348 0
539263 50 63.7184 0
726783 134 45.3216 0
727423 134 45.3216 0
728191 134 45.3216 0
729727 134 45.3216 0
738815 46 64.9832 0
741119 46 64.9832 0
741503 46 64.9832 0
770175 46 69.5354 0
770559 46 69.5354 0
826495 46 58.8099 0
827519 46 58.8099 0
828031 46 58.8099 0
925439 50 62.1053 0
1.03104e+06 134 56.5865 0
1.05882e+06 58 65.6321 0
1.11693e+06 58 62.3809 0
1.16429e+06 58 55.841 0
1.23789e+06 53 67.0947 0
1.23827e+06 53 59.2789 0
1.2704e+06 50 63.1368 0
1.31968e+06 134 58.2707 0
1.3207e+06 46 54.4303 0
1.32109e+06 46 54.4303 0
1.36294e+06 46 66.5293 0
1.40429e+06 46 66.509 0
1.47302e+06 135 56.2916 0
1.5744e+06 46 48.0147 0
1.67578e+06 50 51.9599 0
1.81824e+06 53 42.6693 0
1.93574e+06 60 43.0031 0
2.02394e+06 53 59.257 0
2.12032e+06 50 45.9135 0
7039.01 136 44.2519 0
32767 46 58.6639 0
65663 46 63.6661 0
88063 46 63.3691 0
91647 46 64.0434 0
183807 50 63.3654 0
285183 53 62.638 0
398719 58 55.0743 0
464127 65 60.8041 0
539263 50 63.7044 0
726783 136 47.7403 0
727423 136 47.7403 0
728191 136 47.7403 0
729727 136 47.7403 0
738815 46 65.485 0
741119 46 65.485 0
741503 46 65.485 0
770175 46 69.157 0
770559 46 69.157 0
826495 46 59.3469 0
827519 46 59.3469 0
828031 46 59.3469 0
925439 50 62.8007 0
1.03104e+06 136 57.2615 0
1.05882e+06 58 65.9044 0
1.11693e+06 58 62.2065 0
1.16429e+06 53 44.7996 0
1.23789e+06 53 58.7831 0
1.23827e+06 53 58.7831 0
1.2704e+06 50 62.9918 0
1.31968e+06 50 59.2817 0
1.3207e+06 46 50.3978 0
1.32109e+06 46 50.3978 0
1.36294e+06 46 66.3799 0
1.40429e+06 46 66.5214 0
1.47302e+06 135 57.1595 0
1.5744e+06 46 48.4731 0
1.67578e+06 50 52.2882 0
1.81824e+06 53 42.9985 0
1.93574e+06 60 43.2823 0
2.02394e+06 53 59.757 0
2.12032e+06 50 46.1876 0
