A 1 55.000000 33
A#1 58.270470 34
B 1 61.735413 35
C 2 65.406391 36
C#2 69.295658 37
D 2 73.416192 38
D#2 77.781746 39
E 2 82.406889 40
F 2 87.307058 41
F#2 92.498606 42
G 2 97.998859 43
G#2 103.826174 44
A 2 110.000000 45
A#2 116.540940 46
B 2 123.470825 47
C 3 130.812783 48
C#3 138.591315 49
D 3 146.832384 50
D#3 155.563492 51
E 3 164.813778 52
F 3 174.614116 53
F#3 184.997211 54
G 3 195.997718 55
G#3 207.652349 56
A 3 220.000000 57
A#3 233.081881 58
B 3 246.941651 59
C 4 261.625565 60
C#4 277.182631 61
D 4 293.664768 62
D#4 311.126984 63
E 4 329.627557 64
F 4 349.228231 65
F#4 369.994423 66
G 4 391.995436 67
G#4 415.304698 68
A 4 440.000000 69
A#4 466.163762 70
B 4 493.883301 71
C 5 523.251131 72
C#5 554.365262 73
D 5 587.329536 74
D#5 622.253967 75
E 5 659.255114 76
F 5 698.456463 77
F#5 739.988845 78
G 5 783.990872 79
G#5 830.609395 80
A 5 880.000000 81
A#5 932.327523 82
B 5 987.766603 83
C 6 1046.502261 84
C#6 1108.730524 85
D 6 1174.659072 86
D#6 1244.507935 87
E 6 1318.510228 88
F 6 1396.912926 89
F#6 1479.977691 90
G 6 1567.981744 91
G#6 1661.218790 92
A 6 1760.000000 93
A#6 1864.655046 94
B 6 1975.533205 95
C 7 2093.004522 96
C#7 2217.461048 97
D 7 2349.318143 98
D#7 2489.015870 99
E 7 2637.020455 100
F 7 2793.825851 101
F#7 2959.955382 102
G 7 3135.963488 103
G#7 3322.437581 104
A 7 3520.000000 105
A#7 3729.310092 106
B 7 3951.066410 107 
